x: -1.9999999999935771
f(x): -2.5691448968245822E-11
Number of iterations: 7